750
1
914
889
247
873 876
572 573
106
592
926
517 518
937 940
520
76 79
971
251
987
986
125
493
48
836
243 244
649
665 666
390 392
231 234
348
21
171 172
896
54 55
832 833
954
860
223 224
83
972
738
567
129 130
749 750
496 498
818 824
561
888
11
64 65
809
668 670
386 388
138 143
961 965
955
764
741
16
899
507
275
967 968
605
180 182
969
22
621
40 44
962
187
279
490 492
305
727
17
579 580
732
161 162
716 717
400
25
99 101
68 69
993 995
525 527
894 897
10 12
342
673 674
647
924
992
793 794
951
604
59 61
855
557
906
441
81
121
846 847
925
816 817
131 133
284
127
723
565
70
439
267
902 903
618 619
516
681 683
935
628 630
686 689
905
736
153 155
149
35
975
315
168 169
966
702
206 207
531
230
550
499
306 307
839
285 288
188 190
931
364
742
205
980 981
166
181
36 37
667
145
80 82
879 881
977 979
173 175
964
246 248
609 612
96 97
837 838
431
183 185
998
489
13
714 715
415 417
853 856
878
281
283
886
539
4
494 495
589 590
407 408
252 253
118 119
220
353 355
144 146
113
156 157
49 51
39
952 953
910 911
599 600
435
528 529
319
236 237
359 363
459 461
375 376
776
346
819
7
629
105 108
189
792
192
452 454
214 215
148
941 943
840 841
320
997
202
553 558
970
650
845
226 227
679
147 150
861 862
174
413 414
358
154
813 814
200 204
122
942
329
464 465
298
963
669
330 331
43
0 2
71 72
958 960
633 634
52 53
823
510 511
851
857 858
687
326
167
258
898 901
919 920
314
20 26
63
948
31 32
508
339 341
803
245
912 915
297 304
747
523 524
455 458
990 991
384 385
577 578
829
644
474 475
797 798
663
66 67
936
660 661
134 137
15 18
501 503
178
484 487
779
367
299
278
472
345 350
433
512 513
728
60
277
360
109
887
374
196
228
389
313
831
447 449
811
337 338
596
701 703
562 563
932 934
994
209
179
470 471
922
328
370
476 478
241
428 432
91 93
916 918
198 199
514
126 128
46 47
3
751 752
982 984
671
945 946
34
956 957
203
506
116 117
944
569
103
757
259 262
50
913
743
473
787
746
450
538
23
28
141
800 801
343 344
86 88
238 242
430
191 195
854
504
321 322
211
765 769
114 115
586 587
583 585
197
19
286
648
985 988
177
273 280
159
5
292
662 664
222
347
75
324 327
123 124
87
158 160
541
457
391
382 383
804
409 410
369
201
996 999
440
756
260
865
301
378
218 221
418 419
502
38
294
950
735 737
791
591
27 30
381
120
706
859
296
938
139
272
866 868
652
939
90
403 405
377
655
255
416
361
41
890
532
543 544
193
481 482
393
365 366
627
729
488
871 872
293
110
929 930
707
303
282
261
266 269
708
795 796
766
874
249 250
332
78
641
559
210
479
774 781
94 95
111
688
89
9
852
136
312
637 643
466 469
444 445
555
775
748
526
705 709
624 625
762 763
480
870
6 8
151 152
163 165
786
349
401 402
521 522
380
233
947 949
576
45
229
759 760
235
352
690
745
216
112
287
830
821
546
456
973 974
491
254
333
208
135
323
959
184
672
483
799
289 290
545 547
84 85
784
270 271
844
420
240
802
788 789
530
551
822
387
354
536
256 257
462
217
768
777
519
422 424
194
425
635 636
602
770 773
486
300
468
291 295
29
719
574
549
638
927 928
884 885
263 264
882 883
500
442
782 783
239
691
102 104
317
310 318
404
497
107
212
568 571
302
983
610
623
311
677
863
849
379
423
406
771
398 399
429
219
684 685
356
132
651 653
436
880
57 58
820
467
645
98
923
334
335 336
56
755
877
606
265
100
699 700
697 698
438 443
593
232
92
225
397
588
725
421
534 535
678
213
451
597
848
564 566
978
867
268
351
694
601 603
710 711
560
554
753 758
834 835
712
372 373
730
615 617
827
620 622
726 731
537 542
825 828
533
654
808 810
891 892
724
62
477
140
368 371
805 806
446
485
815
276
42
411
581 582
613
704
657 659
785
412
631 632
463
907
186
426 427
812
309
316
675 676
362
142
394 395
607 608
595 598
921
646
680
778
396
73
594
842
790
14
74
754
722
807
24
826
933
584
713
864
434 437
989
556
720 721
740 744
640
718
893
170
682
448
33
77
570
509
734
616
642
917
176
515
850
908
164
626
761
540
611
692
274
739
695 696
869
453
548 552
693
656
308
325
340
357
460
772
733
575
895
505
614
639
658
780
767
843
875
900
904 909
976